 36     71     15239.3167086341 B2  36  0  0  0  A1  29  0  B2    36     61     15239.3167096004 A2  36  0  0  0  A1  29  1  A2    36     72     15239.4526484865 A1  36  0  0  0  A1  30  0  A1    36     61     15239.4526997140 B1  36  0  0  0  A1  30  1  B1
 37     70     15849.7503800025 A1  37  0  0  0  A1  30  0  A1    37     78     15849.7503806572 B1  37  0  0  0  A1  30  1  B1    37     78     15849.8231897901 A2  37  0  0  0  A1  29  1  A2    37     72     15849.8231898395 B2  37  0  0  0  A1  29  0  B2
 38     87     16471.8452569193 B2  38  0  0  0  A1  31  0  B2    38     75     16471.8452574438 A2  38  0  0  0  A1  31  1  A2    38     75     16471.8836735685 B1  38  0  0  0  A1  30  1  B1    38     89     16471.8836735766 A1  38  0  0  0  A1  30  0  A1
 39     85     17105.2415593772 A1  39  0  0  0  A1  32  0  A1    39     96     17105.2415598921 B1  39  0  0  0  A1  32  1  B1    39     96     17105.2615747781 A2  39  0  0  0  A1  31  1  A2    39     87     17105.2615747816 B2  39  0  0  0  A1  31  0  B2
 40    104     17749.5716569516 B2  40  0  0  0  A1  31  0  B2    40     97     17749.5716577392 A2  40  0  0  0  A1  31  1  A2    40     97     17749.5819962742 B1  40  0  0  0  A1  32  1  B1    40    106     17749.5819962759 A1  40  0  0  0  A1  32  0  A1
 41    101     18404.4608855694 A1  41  0  0  0  A1  32  0  A1    41    120     18404.4608898701 B1  41  0  0  0  A1  32  1  B1    41    120     18404.4663658470 A2  41  0  0  0  A1  33  1  A2    41    103     18404.4663658477 B2  41  0  0  0  A1  33  0  B2
 42    129     19069.5292341129 B2  42  0  0  0  A1  33  0  B2    42    118     19069.5292361097 A2  42  0  0  0  A1  33  1  A2    42    117     19069.5315985220 B1  42  0  0  0  A1  34  1  B1    42    130     19069.5315985228 A1  42  0  0  0  A1  34  0  A1
 43    146     19744.3883948437 B1  43  0  0  0  A1  34  1  B1    43    126     19744.3884044671 A1  43  0  0  0  A1  34  0  A1    43    145     19744.3895832972 A2  43  0  0  0  A1  33  1  A2    43    127     19744.3895832982 B2  43  0  0  0  A1  33  0  B2
 44    145     20428.6463133561 A2  44  0  0  0  A1  35  1  A2    44    156     20428.6463134517 B2  44  0  0  0  A1  35  0  B2    44    144     20428.6468602970 B1  44  0  0  0  A1  34  1  B1    44    157     20428.6468602992 A1  44  0  0  0  A1  34  0  A1
 45    174     21121.9041864807 B1  45  0  0  0  A1  34  1  B1    45    153     21121.9041865910 A1  45  0  0  0  A1  34  0  A1    45    173     21121.9043995918 A2  45  0  0  0  A1  35  1  A2    45    154     21121.9043995983 B2  45  0  0  0  A1  35  0  B2
 46    170     21823.7573996653 A2  46  0  0  0  A1  35  1  A2    46    192     21823.7573996998 B2  46  0  0  0  A1  35  0  B2    46    169     21823.7574220354 B1  46  0  0  0  A1  36  1  B1    46    193     21823.7574221146 A1  46  0  0  0  A1  36  0  A1
 47    208     22533.7951952169 A2  47  0  0  0  A1  37  1  A2    47    189     22533.7951953522 B2  47  0  0  0  A1  37  0  B2    47    210     22533.7953602280 B1  47  0  0  0  A1  36  1  B1    47    188     22533.7953607203 A1  47  0  0  0  A1  36  0  A1
 48    228     23251.6013536644 B2  48  0  0  0  A1  37  0  B2    48    205     23251.6013536670 A2  48  0  0  0  A1  37  1  A2    48    230     23251.6037892624 A1  48  0  0  0  A1  36  0  A1    48    205     23251.6039450104 B1  48  0  0  0  A1  36  1  B1
 49    224     23976.7523576362 A1  49  0  0  0  A1  38  0  A1    49    249     23976.7523634874 B1  49  0  0  0  A1  38  1  B1    49    225     23976.7525276611 B2  49  0  0  0  A1  37  0  B2    49    248     23976.7525395762 A2  49  0  0  0  A1  37  1  A2
 50    277     24708.8187957936 B2  50  0  0  0  A1  39  0  B2    50    242     24708.8187957943 A2  50  0  0  0  A1  39  1  A2    50    242     24708.8189000529 B1  50  0  0  0  A1  38  1  B1    50    280     24708.8189000610 A1  50  0  0  0  A1  38  0  A1
 51    267     25447.3642476905 A1  51  0  0  0  A1  38  0  A1    51    299     25447.3642476910 B1  51  0  0  0  A1  38  1  B1    51    270     25447.3643304236 B2  51  0  0  0  A1  39  0  B2    51    299     25447.3643304329 A2  51  0  0  0  A1  39  1  A2
 52    324     26191.9450548055 B2  52  0  0  0  A1  39  0  B2    52    291     26191.9450548252 A2  52  0  0  0  A1  39  1  A2    52    327     26191.9451633968 A1  52  0  0  0  A1  40  0  A1    52    291     26191.9451633987 B1  52  0  0  0  A1  40  1  B1
 53    316     26942.1073411928 A1  53  0  0  0  A1  40  0  A1    53    354     26942.1080714159 B1  53  0  0  0  A1  40  1  B1    53    318     26942.1100808223 B2  53  0  0  0  A1  41  0  B2    53    353     26942.1100808232 A2  53  0  0  0  A1  41  1  A2
 54    385     27697.3998195873 B2  54  1  0  0  A1  41  0  B2    54    345     27697.3998196744 A2  54  1  0  0  A1  41  1  A2    54    387     27697.4001677318 A1  54  0  1  0  B2  41  0  B2    54    344     27697.4001677350 B1  54  0  1  0  B2  41  1  A2
 55    371     28457.3456551121 A1  55  0  1  0  B2  41  0  B2    55    413     28457.3456551181 B1  55  0  1  0  B2  41  1  A2    55    412     28457.3456642374 A2  55  0  1  0  B2  42  1  B1    55    373     28457.3456642377 B2  55  0  1  0  B2  42  0  A1
 56    447     29221.4699439096 B2  56  0  1  0  B2  42  0  A1    56    399     29221.4699439121 A2  56  0  1  0  B2  42  1  B1    56    399     29221.4699455197 B1  56  1  0  0  A1  42  1  B1    56    450     29221.4699455209 A1  56  1  0  0  A1  42  0  A1
 57    432     29989.2842870909 A1  57  0  2  0  B2  43  0  B2    57    487     29989.2842870934 B1  57  0  2  0  B2  43  1  A2    57    434     29989.2842874097 B2  57  2  0  0  A1  43  0  B2    57    486     29989.2842874106 A2  57  2  0  0  A1  43  1  A2
 58    520     30760.2888051947 B2  58  0  2  0  B2  44  0  A1    58    469     30760.2888052135 A2  58  0  2  0  B2  44  1  B1    58    468     30760.2888053042 B1  58  0  2  0  B2  43  1  A2    58    523     30760.2888053057 A1  58  0  2  0  B2  43  0  B2
 59    503     31533.9709453086 A1  59  2  0  0  A1  44  0  A1    59    565     31533.9709453343 B1  59  2  0  0  A1  44  1  B1    59    563     31533.9709453605 A2  59  0  2  0  B2  44  1  B1    59    505     31533.9709453612 B2  59  0  2  0  B2  44  0  A1
 60    542     32309.8041841606 B1  60  0  2  0  B2  45  1  A2    60    600     32309.8041841621 A1  60  0  2  0  B2  45  0  B2    60    544     32309.8041841895 A2  60  0  2  0  B2  44  1  B1    60    599     32309.8041841955 B2  60  0  2  0  B2  44  0  A1
  0      0      3291.1602143624 A1  0  0  0  0  A1  0  0  A1     0      1      4473.7298039631 A1  0  0  0  1  A1  0  0  A1     0      2      5645.0675232391 A1  0  0  0  2  A1  0  0  A1     0      3      5905.5550811898 A1  0  1  0  0  A1  0  0  A1
  1      0      3310.5357761505 B2  1  0  0  0  A1  1  0  B2     1      1      4487.6219608348 B1  1  0  0  1  A1  0  1  B1     1      1      4489.1197444734 A2  1  0  0  1  A1  1  1  A2     1      1      4493.6739121525 B2  1  0  0  1  A1  1  0  B2
  2      1      3349.5288302432 A1  2  0  0  0  A1  2  0  A1     2      2      4512.0242305193 A1  2  0  0  1  A1  0  0  A1     2      1      4512.3510251919 B2  2  0  0  1  A1  1  0  B2     2      1      4525.9968935185 A2  2  0  0  1  A1  1  1  A2
  3      1      3408.5516098683 B2  3  0  0  0  A1  3  0  B2     3      2      4545.4214064514 B1  3  0  0  1  A1  0  1  B1     3      2      4545.4708980746 A2  3  0  0  1  A1  1  1  A2     3      2      4570.6031223133 B2  3  0  0  1  A1  1  0  B2
  4      2      3487.9609063053 A1  4  0  0  0  A1  4  0  A1     4      3      4588.0213474604 A1  4  0  0  1  A1  0  0  A1     4      2      4588.0281774295 B2  4  0  0  1  A1  1  0  B2     4      2      4624.2838824908 A2  4  0  0  1  A1  1  1  A2
  5      2      3587.8347420595 B2  5  0  0  0  A1  5  0  B2     5      3      4639.9202518515 B1  5  0  0  1  A1  0  1  B1     5      3      4639.9211983920 A2  5  0  0  1  A1  1  1  A2     5      3      4686.7854773682 B2  5  0  0  1  A1  3  0  B2
  6      3      3708.0005986860 A1  6  0  0  0  A1  6  0  A1     6      4      4701.1284271456 A1  6  0  0  1  A1  0  0  A1     6      3      4701.1285641056 B2  6  0  0  1  A1  1  0  B2     6      3      4758.4484647848 A2  6  0  0  1  A1  3  1  A2
  7      3      3848.1797536791 B2  7  0  0  0  A1  7  0  B2     7      4      4771.6401573296 B1  7  0  0  1  A1  2  1  B1     7      4      4771.6401783686 A2  7  0  0  1  A1  1  1  A2     7      4      4839.3692086332 B2  7  0  0  1  A1  3  0  B2
  8      4      4008.0635819982 A1  8  0  0  0  A1  8  0  A1     8      5      4851.4461359926 A1  8  0  0  1  A1  2  0  A1     8      4      4851.4461394465 B2  8  0  0  1  A1  1  0  B2     8      4      4929.5598157508 A2  8  0  0  1  A1  3  1  A2
  9      4      4187.3299838738 B2  9  0  0  0  A1  9  0  B2     9      5      4940.5352817832 B1  9  0  0  1  A1  2  1  B1     9      5      4940.5352823902 A2  9  0  0  1  A1  1  1  A2     9      5      5029.0141260217 B2  9  0  0  1  A1  3  0  B2
 10      5      4385.6433414306 A1  10  0  0  0  A1  10  0  A1    10      6      5038.8950235718 A1  10  0  0  1  A1  2  0  A1    10      5      5038.8950236859 B2  10  0  0  1  A1  1  0  B2    10      5      5137.7212010094 A2  10  0  0  1  A1  3  1  A2
 11      5      4602.6541258127 B2  11  0  0  0  A1  11  0  B2    11      6      5146.5113626261 B1  11  0  0  1  A1  2  1  B1    11      6      5146.5113626490 A2  11  0  0  1  A1  1  1  A2    11      6      5255.6678869890 B2  11  0  0  1  A1  3  0  B2
 12      6      4838.0005480041 A1  12  0  0  0  A1  12  0  A1    12      7      5263.3688972892 A1  12  0  0  1  A1  2  0  A1    12      6      5263.3688972940 B2  12  0  0  1  A1  1  0  B2    12      6      5382.8393756571 A2  12  0  0  1  A1  3  1  A2
 13      6      5091.3116198337 B2  13  0  0  0  A1  13  0  B2    13      7      5389.4508395826 B1  13  0  0  1  A1  2  1  B1    13      7      5389.4508395841 A2  13  0  0  1  A1  1  1  A2    13      7      5519.2193743170 B2  13  0  0  1  A1  3  0  B2
 14      7      5362.2109061798 A1  14  0  0  0  A1  14  0  A1    14      8      5524.7390297058 A1  14  0  0  1  A1  2  0  A1    14      7      5524.7390297063 B2  14  0  0  1  A1  1  0  B2    14      7      5664.7901839374 A2  14  0  0  1  A1  3  1  A2
 15      7      5650.3205873632 B2  15  0  0  0  A1  15  0  B2    15      8      5669.2139501715 A2  15  0  0  1  A1  1  1  A2    15      8      5669.2139501715 B1  15  0  0  1  A1  2  1  B1    15      8      5819.5327488878 B2  15  0  0  1  A1  3  0  B2
 16      9      5955.2657234136 A1  16  0  0  0  A1  16  0  A1    16      8      5983.4266958123 A2  16  0  0  1  A1  3  1  A2    16      8      5983.4266958136 B1  16  0  0  1  A1  4  1  B1    16     10      6131.1521411865 A1  16  0  0  1  A1  6  0  A1
 17      9      6276.6787996996 B2  17  0  0  0  A1  17  0  B2    17     10      6314.0687721973 B1  17  0  0  1  A1  6  1  B1    17     10      6314.0687722234 A2  17  0  0  1  A1  7  1  A2    17     10      6459.2161834401 B2  17  0  0  1  A1  7  0  B2
 18     11      6614.2047836300 A1  18  0  0  0  A1  18  0  A1    18     10      6660.7618552527 A2  18  0  0  1  A1  7  1  A2    18     10      6660.7618555107 B1  18  0  0  1  A1  8  1  B1    18     12      6803.3432890053 A1  18  0  0  1  A1  10  0  A1
 19     11      6967.5070730359 B2  19  0  0  0  A1  19  0  B2    19     12      7023.1283150985 B1  19  0  0  1  A1  10  1  B1    19     12      7023.1283170294 A2  19  0  0  1  A1  9  1  A2    19     12      7163.1506311029 B2  19  0  0  1  A1  11  0  B2
 20     13      7336.2748854060 A1  20  0  0  0  A1  20  0  A1    20     12      7400.7904207097 A2  20  0  0  1  A1  11  1  A2    20     12      7400.7904325457 B1  20  0  0  1  A1  10  1  B1    20     14      7538.2531500403 A1  20  0  0  1  A1  12  0  A1
 21     13      7720.2327994934 B2  21  0  0  0  A1  21  0  B2    21     14      7793.3693399319 B1  21  0  0  1  A1  12  1  B1    21     14      7793.3694018070 A2  21  0  0  1  A1  13  1  A2    21     15      7879.5707941801 A2  21  0  0  2  A1  1  1  A2
 22     16      8119.1531880954 A1  22  0  0  0  A1  22  0  A1    22     14      8200.4838977834 A2  22  0  0  1  A1  13  1  A2    22     14      8200.4841812138 B1  22  0  0  1  A1  14  1  B1    22     15      8324.3983575169 B1  22  0  0  2  A1  4  1  B1
 23     15      8532.8717849509 B2  23  0  0  0  A1  23  0  B2    23     15      8550.5165740405 A1  23  0  0  2  A1  4  0  A1    23     16      8550.5165740422 B2  23  0  0  2  A1  5  0  B2    23     17      8569.0824218700 B1  23  1  0  0  A1  2  1  B1
 24     20      8961.3047074968 A1  24  0  0  0  A1  24  0  A1    24     17      9015.3234483891 B1  24  1  0  0  A1  4  1  B1    24     17      9015.3234483892 A2  24  1  0  0  A1  5  1  A2    24     21      9026.3503595925 A1  24  0  0  2  A1  8  0  A1
 25     20      9404.4604789260 B2  25  0  0  0  A1  25  0  B2    25     22      9474.4133479914 B1  25  1  0  0  A1  8  1  B1    25     22      9474.4133479915 A2  25  1  0  0  A1  7  1  A2    25     23      9497.2004824195 B1  25  0  1  0  B2  7  1  A2
 26     25      9862.4327223858 A1  26  0  0  0  A1  26  0  A1    26     22      9946.1408329427 A2  26  1  0  0  A1  9  1  A2    26     22      9946.1408329450 B1  26  1  0  0  A1  10  1  B1    26     23      9966.4789172512 A2  26  0  0  1  A1  19  1  A2
 27     25     10335.3548889991 B2  27  0  0  0  A1  25  0  B2    27     27     10376.8931951439 B1  27  0  0  3  A1  2  1  B1    27     27     10376.8931951440 A2  27  0  0  3  A1  1  1  A2    27     28     10430.2824677728 B1  27  1  0  0  A1  12  1  B1
 28     31     10823.3146356833 A1  28  0  0  0  A1  26  0  A1    28     26     10827.2662699732 A2  28  0  0  2  A1  13  1  A2    28     26     10827.2662703492 B1  28  0  0  2  A1  14  1  B1    28     31     10909.3073874578 B2  28  1  0  1  A1  1  0  B2
 29     31     11326.2662427872 B2  29  0  0  0  A1  25  0  B2    29     34     11363.5618043137 B1  29  0  0  2  A1  14  1  B1    29     34     11363.5618089338 A2  29  0  0  2  A1  15  1  A2    29     35     11423.3575127839 B1  29  0  0  1  A1  14  1  B1
 30     38     11843.9987917064 A1  30  0  0  0  A1  26  0  A1    30     39     11850.7641922212 A1  30  0  0  3  A1  8  0  A1    30     38     11850.7641922220 B2  30  0  0  3  A1  9  0  B2    30     34     11909.4442811548 A2  30  0  0  2  A1  17  1  A2
 31     38     12376.1733605292 B2  31  0  0  0  A1  27  0  B2    31     42     12448.8260816238 B1  31  0  0  1  A1  16  1  B1    31     42     12453.9055209692 A2  31  0  0  1  A1  13  1  A2    31     39     12459.1118618127 B2  31  0  0  3  A1  11  0  B2
 32     47     12922.3873394931 A1  32  0  0  0  A1  28  0  A1    32     41     12937.9287512931 A2  32  0  1  1  B2  10  1  B1    32     41     12937.9287512933 B1  32  0  1  1  B2  11  1  A2    32     42     12974.7721557457 A2  32  0  0  2  A1  1  1  A2
 33     46     13482.2236717675 B2  33  0  0  0  A1  27  0  B2    33     51     13507.8049143713 B1  33  0  0  2  A1  2  1  B1    33     51     13509.1318361466 A2  33  1  0  1  A1  13  1  A2    33     52     13509.1318373928 B1  33  1  0  1  A1  12  1  B1
 34     59     14055.2741018531 A1  34  0  0  0  A1  28  0  A1    34     49     14081.6413714812 B1  34  0  0  2  A1  8  1  B1    34     60     14096.8621763858 A1  34  1  1  0  A1  2  0  A1    34     59     14096.8621763859 B2  34  1  1  0  A1  1  0  B2
 35     59     14641.1445728672 B2  35  0  0  0  A1  29  0  B2    35     62     14646.9827712503 A2  35  0  0  2  A1  9  1  A2    35     60     14673.6608190197 B2  35  0  0  2  A1  7  0  B2    35     63     14676.8505693007 B1  35  0  0  3  A1  16  1  B1
