 36     71     15239.3167008695 B2  36  0  0  0  A1  29  0  B2    36     61     15239.3167018353 A2  36  0  0  0  A1  29  1  A2    36     72     15239.4526407227 A1  36  0  0  0  A1  30  0  A1    36     61     15239.4526919518 B1  36  0  0  0  A1  30  1  B1
 37     70     15849.7503718667 A1  37  0  0  0  A1  30  0  A1    37     78     15849.7503725243 B1  37  0  0  0  A1  30  1  B1    37     78     15849.8231816546 A2  37  0  0  0  A1  29  1  A2    37     72     15849.8231817083 B2  37  0  0  0  A1  29  0  B2
 38     87     16471.8452483908 B2  38  0  0  0  A1  31  0  B2    38     75     16471.8452489125 A2  38  0  0  0  A1  31  1  A2    38     75     16471.8836650412 B1  38  0  0  0  A1  30  1  B1    38     89     16471.8836650491 A1  38  0  0  0  A1  30  0  A1
 39     85     17105.2415504282 A1  39  0  0  0  A1  32  0  A1    39     96     17105.2415509398 B1  39  0  0  0  A1  32  1  B1    39     96     17105.2615658292 A2  39  0  0  0  A1  31  1  A2    39     87     17105.2615658319 B2  39  0  0  0  A1  31  0  B2
 40    104     17749.5716475514 B2  40  0  0  0  A1  31  0  B2    40     97     17749.5716483403 A2  40  0  0  0  A1  31  1  A2    40     97     17749.5819868731 B1  40  0  0  0  A1  32  1  B1    40    106     17749.5819868742 A1  40  0  0  0  A1  32  0  A1
 41    101     18404.4608756869 A1  41  0  0  0  A1  32  0  A1    41    120     18404.4608799846 B1  41  0  0  0  A1  32  1  B1    41    120     18404.4663559620 A2  41  0  0  0  A1  33  1  A2    41    103     18404.4663559649 B2  41  0  0  0  A1  33  0  B2
 42    129     19069.5292237088 B2  42  0  0  0  A1  33  0  B2    42    118     19069.5292257054 A2  42  0  0  0  A1  33  1  A2    42    117     19069.5315881187 B1  42  0  0  0  A1  34  1  B1    42    130     19069.5315881199 A1  42  0  0  0  A1  34  0  A1
 43    146     19744.3883838760 B1  43  0  0  0  A1  34  1  B1    43    126     19744.3883934992 A1  43  0  0  0  A1  34  0  A1    43    145     19744.3895723292 A2  43  0  0  0  A1  33  1  A2    43    127     19744.3895723305 B2  43  0  0  0  A1  33  0  B2
 44    145     20428.6463017705 A2  44  0  0  0  A1  35  1  A2    44    156     20428.6463018678 B2  44  0  0  0  A1  35  0  B2    44    144     20428.6468487150 B1  44  0  0  0  A1  34  1  B1    44    157     20428.6468487175 A1  44  0  0  0  A1  34  0  A1
 45    174     21121.9041742050 B1  45  0  0  0  A1  34  1  B1    45    153     21121.9041743181 A1  45  0  0  0  A1  34  0  A1    45    173     21121.9043873183 A2  45  0  0  0  A1  35  1  A2    45    154     21121.9043873232 B2  45  0  0  0  A1  35  0  B2
 46    170     21823.7573865918 A2  46  0  0  0  A1  35  1  A2    46    192     21823.7573866279 B2  46  0  0  0  A1  35  0  B2    46    169     21823.7574089630 B1  46  0  0  0  A1  36  1  B1    46    193     21823.7574090411 A1  46  0  0  0  A1  36  0  A1
 47    208     22533.7951811506 A2  47  0  0  0  A1  37  1  A2    47    189     22533.7951812924 B2  47  0  0  0  A1  37  0  B2    47    210     22533.7953461623 B1  47  0  0  0  A1  36  1  B1    47    188     22533.7953466610 A1  47  0  0  0  A1  36  0  A1
 48    205     23251.6013382643 A2  48  0  0  0  A1  37  1  A2    48    228     23251.6013382659 B2  48  0  0  0  A1  37  0  B2    48    230     23251.6037737606 A1  48  0  0  0  A1  36  0  A1    48    205     23251.6039294817 B1  48  0  0  0  A1  36  1  B1
 49    224     23976.7523402030 A1  49  0  0  0  A1  38  0  A1    49    249     23976.7523460478 B1  49  0  0  0  A1  38  1  B1    49    225     23976.7525102259 B2  49  0  0  0  A1  37  0  B2    49    248     23976.7525221409 A2  49  0  0  0  A1  37  1  A2
 50    277     24708.8187748766 B2  50  0  0  0  A1  39  0  B2    50    242     24708.8187748807 A2  50  0  0  0  A1  39  1  A2    50    242     24708.8188791410 B1  50  0  0  0  A1  38  1  B1    50    280     24708.8188791490 A1  50  0  0  0  A1  38  0  A1
 51    299     25447.3642202243 B1  51  0  0  0  A1  38  1  B1    51    267     25447.3642202244 A1  51  0  0  0  A1  38  0  A1    51    270     25447.3643029678 B2  51  0  0  0  A1  39  0  B2    51    299     25447.3643029759 A2  51  0  0  0  A1  39  1  A2
 52    324     26191.9450142008 B2  52  0  0  0  A1  39  0  B2    52    291     26191.9450142211 A2  52  0  0  0  A1  39  1  A2    52    291     26191.9451228316 B1  52  0  0  0  A1  40  1  B1    52    327     26191.9451228341 A1  52  0  0  0  A1  40  0  A1
 53    316     26942.1072526143 A1  53  0  0  0  A1  40  0  A1    53    354     26942.1079815321 B1  53  0  0  0  A1  40  1  B1    53    353     26942.1100130942 A2  53  0  0  0  A1  41  1  A2    53    318     26942.1100130963 B2  53  0  0  0  A1  41  0  B2
 54    385     27697.3996951241 B2  54  0  1  0  A1  41  0  B2    54    345     27697.3996952078 A2  54  0  1  0  A1  41  1  A2    54    387     27697.4000429301 A1  54  1  0  0  B2  41  0  B2    54    344     27697.4000429328 B1  54  1  0  0  B2  41  1  A2
 55    414     28457.3454106957 B1  55  1  0  0  B2  41  1  A2    55    371     28457.3454107093 A1  55  1  0  0  B2  41  0  B2    55    413     28457.3454198495 A2  55  1  0  0  B2  42  1  B1    55    373     28457.3454198731 B2  55  1  0  0  B2  42  0  A1
 56    399     29221.4694476308 A2  56  1  0  0  B2  42  1  B1    56    448     29221.4694476417 B2  56  1  0  0  B2  42  0  A1    56    399     29221.4694492418 B1  56  0  1  0  A1  42  1  B1    56    451     29221.4694492579 A1  56  0  1  0  A1  42  0  A1
 57    433     29989.2832651963 A1  57  0  2  0  B2  43  0  B2    57    487     29989.2832652010 B1  57  0  2  0  B2  43  1  A2    57    435     29989.2832655186 B2  57  2  0  0  A1  43  0  B2    57    486     29989.2832655188 A2  57  2  0  0  A1  43  1  A2
 58    472     30760.2866953542 A2  58  0  2  0  B2  44  1  B1    58    523     30760.2866953685 B2  58  0  2  0  B2  44  0  A1    58    471     30760.2866954301 B1  58  0  2  0  B2  43  1  A2    58    525     30760.2866954346 A1  58  0  2  0  B2  43  0  B2
 59    567     31533.9666038322 A2  59  0  2  0  B2  44  1  B1    59    503     31533.9666038378 A1  59  2  0  0  A1  44  0  A1    59    569     31533.9666038421 B1  59  2  0  0  A1  44  1  B1    59    505     31533.9666038571 B2  59  0  2  0  B2  44  0  A1
 60    544     32309.7953092600 B1  60  0  2  0  B2  45  1  A2    60    604     32309.7953092680 A1  60  0  2  0  B2  45  0  B2    60    546     32309.7953093056 A2  60  0  2  0  B2  44  1  B1    60    603     32309.7953093189 B2  60  0  2  0  B2  44  0  A1
  0      0      3291.1602031273 A1  0  0  0  0  A1  0  0  A1     0      1      4473.7297816097 A1  0  0  0  1  A1  0  0  A1     0      2      5645.0674502297 A1  0  0  0  2  A1  0  0  A1     0      3      5905.5549717057 A1  0  0  1  0  A1  0  0  A1
  1      0      3310.5357649887 B2  1  0  0  0  A1  1  0  B2     1      1      4487.6219385501 B1  1  0  0  1  A1  0  1  B1     1      1      4489.1197222665 A2  1  0  0  1  A1  1  1  A2     1      1      4493.6738899669 B2  1  0  0  1  A1  1  0  B2
  2      1      3349.5288192335 A1  2  0  0  0  A1  2  0  A1     2      2      4512.0242083977 A1  2  0  0  1  A1  0  0  A1     2      1      4512.3510031001 B2  2  0  0  1  A1  1  0  B2     2      1      4525.9968714892 A2  2  0  0  1  A1  1  1  A2
  3      1      3408.5515990956 B2  3  0  0  0  A1  3  0  B2     3      2      4545.4213845353 B1  3  0  0  1  A1  0  1  B1     3      2      4545.4708761653 A2  3  0  0  1  A1  1  1  A2     3      2      4570.6031005797 B2  3  0  0  1  A1  1  0  B2
  4      2      3487.9608958513 A1  4  0  0  0  A1  4  0  A1     4      3      4588.0213257846 A1  4  0  0  1  A1  0  0  A1     4      2      4588.0281557550 B2  4  0  0  1  A1  1  0  B2     4      2      4624.2838611373 A2  4  0  0  1  A1  1  1  A2
  5      2      3587.8347319898 B2  5  0  0  0  A1  5  0  B2     5      3      4639.9202304558 B1  5  0  0  1  A1  0  1  B1     5      3      4639.9211769965 A2  5  0  0  1  A1  1  1  A2     5      3      4686.7854564066 B2  5  0  0  1  A1  3  0  B2
  6      3      3708.0005890468 A1  6  0  0  0  A1  6  0  A1     6      4      4701.1284060701 A1  6  0  0  1  A1  0  0  A1     6      3      4701.1285430301 B2  6  0  0  1  A1  1  0  B2     6      3      4758.4484442364 A2  6  0  0  1  A1  3  1  A2
  7      3      3848.1797444987 B2  7  0  0  0  A1  7  0  B2     7      4      4771.6401366128 B1  7  0  0  1  A1  2  1  B1     7      4      4771.6401576518 A2  7  0  0  1  A1  1  1  A2     7      4      4839.3691885272 B2  7  0  0  1  A1  3  0  B2
  8      4      4008.0635732892 A1  8  0  0  0  A1  8  0  A1     8      5      4851.4461156707 A1  8  0  0  1  A1  2  0  A1     8      4      4851.4461191246 B2  8  0  0  1  A1  1  0  B2     8      4      4929.5597961169 A2  8  0  0  1  A1  3  1  A2
  9      4      4187.3299756355 B2  9  0  0  0  A1  9  0  B2     9      5      4940.5352618902 B1  9  0  0  1  A1  2  1  B1     9      5      4940.5352624972 A2  9  0  0  1  A1  1  1  A2     9      5      5029.0141068877 B2  9  0  0  1  A1  3  0  B2
 10      5      4385.6433336514 A1  10  0  0  0  A1  10  0  A1    10      6      5038.8950041386 A1  10  0  0  1  A1  2  0  A1    10      5      5038.8950042529 B2  10  0  0  1  A1  1  0  B2    10      5      5137.7211824007 A2  10  0  0  1  A1  3  1  A2
 11      5      4602.6541184718 B2  11  0  0  0  A1  11  0  B2    11      6      5146.5113436812 B1  11  0  0  1  A1  2  1  B1    11      6      5146.5113437042 A2  11  0  0  1  A1  1  1  A2    11      6      5255.6678689279 B2  11  0  0  1  A1  3  0  B2
 12      6      4838.0005410750 A1  12  0  0  0  A1  12  0  A1    12      7      5263.3688788579 A1  12  0  0  1  A1  2  0  A1    12      6      5263.3688788632 B2  12  0  0  1  A1  1  0  B2    12      6      5382.8393581637 A2  12  0  0  1  A1  3  1  A2
 13      6      5091.3116132856 B2  13  0  0  0  A1  13  0  B2    13      7      5389.4508216876 B1  13  0  0  1  A1  2  1  B1    13      7      5389.4508216891 A2  13  0  0  1  A1  1  1  A2    13      7      5519.2193574067 B2  13  0  0  1  A1  3  0  B2
 14      7      5362.2108999797 A1  14  0  0  0  A1  14  0  A1    14      7      5524.7390123656 B2  14  0  0  1  A1  1  0  B2    14      8      5524.7390123667 A1  14  0  0  1  A1  2  0  A1    14      7      5664.7901676264 A2  14  0  0  1  A1  3  1  A2
 15      7      5650.3205814785 B2  15  0  0  0  A1  15  0  B2    15      8      5669.2139334043 A2  15  0  0  1  A1  1  1  A2    15      8      5669.2139334075 B1  15  0  0  1  A1  2  1  B1    15      8      5819.5327331821 B2  15  0  0  1  A1  3  0  B2
 16      9      5955.2657178106 A1  16  0  0  0  A1  16  0  A1    16      8      5983.4266807217 A2  16  0  0  1  A1  3  1  A2    16      8      5983.4266807251 B1  16  0  0  1  A1  4  1  B1    16     10      6131.1521267854 A1  16  0  0  1  A1  6  0  A1
 17      9      6276.6787943420 B2  17  0  0  0  A1  17  0  B2    17     10      6314.0687584071 B1  17  0  0  1  A1  6  1  B1    17     10      6314.0687584338 A2  17  0  0  1  A1  7  1  A2    17     10      6459.2161700609 B2  17  0  0  1  A1  7  0  B2
 18     11      6614.2047784894 A1  18  0  0  0  A1  18  0  A1    18     10      6660.7618424496 A2  18  0  0  1  A1  7  1  A2    18     10      6660.7618427070 B1  18  0  0  1  A1  8  1  B1    18     12      6803.3432764040 A1  18  0  0  1  A1  10  0  A1
 19     11      6967.5070680791 B2  19  0  0  0  A1  19  0  B2    19     12      7023.1283030256 B1  19  0  0  1  A1  10  1  B1    19     12      7023.1283049558 A2  19  0  0  1  A1  9  1  A2    19     12      7163.1506190777 B2  19  0  0  1  A1  11  0  B2
 20     13      7336.2748805986 A1  20  0  0  0  A1  20  0  A1    20     12      7400.7904091555 A2  20  0  0  1  A1  11  1  A2    20     12      7400.7904209923 B1  20  0  0  1  A1  10  1  B1    20     14      7538.2531384213 A1  20  0  0  1  A1  12  0  A1
 21     13      7720.2327948017 B2  21  0  0  0  A1  21  0  B2    21     14      7793.3693287300 B1  21  0  0  1  A1  12  1  B1    21     14      7793.3693906056 A2  21  0  0  1  A1  13  1  A2    21     15      7879.5707501376 B1  21  0  0  2  A1  2  1  B1
 22     16      8119.1531834806 A1  22  0  0  0  A1  22  0  A1    22     14      8200.4838868021 A2  22  0  0  1  A1  13  1  A2    22     14      8200.4841702317 B1  22  0  0  1  A1  14  1  B1    22     15      8324.3983194474 B1  22  0  0  2  A1  4  1  B1
 23     15      8532.8717803667 B2  23  0  0  0  A1  23  0  B2    23     16      8550.5165379409 B2  23  0  0  2  A1  5  0  B2    23     15      8550.5165379416 A1  23  0  0  2  A1  4  0  A1    23     17      8569.0823654299 B1  23  0  1  0  A1  2  1  B1
 24     20      8961.3047028899 A1  24  0  0  0  A1  24  0  A1    24     17      9015.3233991974 B1  24  0  1  0  A1  4  1  B1    24     17      9015.3233991976 A2  24  0  1  0  A1  5  1  A2    24     21      9026.3503274931 A1  24  0  0  2  A1  8  0  A1
 25     20      9404.4604742408 B2  25  0  0  0  A1  25  0  B2    25     22      9474.4133042946 B1  25  0  1  0  A1  8  1  B1    25     22      9474.4133042955 A2  25  0  1  0  A1  7  1  A2    25     23      9497.2004408277 A2  25  1  0  0  B2  8  1  B1
 26     25      9862.4327175578 A1  26  0  0  0  A1  26  0  A1    26     22      9946.1407935306 A2  26  0  1  0  A1  9  1  A2    26     22      9946.1407935335 B1  26  0  1  0  A1  10  1  B1    26     23      9966.4789062873 A2  26  0  0  1  A1  19  1  A2
 27     25     10335.3548839688 B2  27  0  0  0  A1  25  0  B2    27     27     10376.8931448976 B1  27  0  0  3  A1  2  1  B1    27     27     10376.8931448980 A2  27  0  0  3  A1  1  1  A2    27     28     10430.2824318005 B1  27  0  1  0  A1  12  1  B1
 28     31     10823.3146304047 A1  28  0  0  0  A1  26  0  A1    28     26     10827.2662442516 A2  28  0  0  2  A1  13  1  A2    28     26     10827.2662446259 B1  28  0  0  2  A1  14  1  B1    28     32     10909.3072990303 A1  28  1  0  1  A1  2  0  A1
 29     31     11326.2662372300 B2  29  0  0  0  A1  25  0  B2    29     34     11363.5617782666 B1  29  0  0  2  A1  14  1  B1    29     34     11363.5617828882 A2  29  0  0  2  A1  15  1  A2    29     35     11423.3575012985 B1  29  0  0  1  A1  14  1  B1
 30     38     11843.9987858567 A1  30  0  0  0  A1  26  0  A1    30     39     11850.7641526518 A1  30  0  0  3  A1  8  0  A1    30     38     11850.7641526527 B2  30  0  0  3  A1  9  0  B2    30     34     11909.4442533207 A2  30  0  0  2  A1  17  1  A2
 31     38     12376.1733543819 B2  31  0  0  0  A1  27  0  B2    31     42     12448.8260696002 B1  31  0  0  1  A1  16  1  B1    31     42     12453.9055089734 A2  31  0  0  1  A1  13  1  A2    31     39     12459.1118205772 B2  31  0  0  3  A1  11  0  B2
 32     47     12922.3873330422 A1  32  0  0  0  A1  28  0  A1    32     41     12937.9286898241 A2  32  0  1  1  B2  10  1  B1    32     41     12937.9286898244 B1  32  0  1  1  B2  11  1  A2    32     42     12974.7721434359 A2  32  0  0  2  A1  1  1  A2
 33     46     13482.2236650049 B2  33  0  0  0  A1  27  0  B2    33     51     13507.8049017682 B1  33  0  0  2  A1  2  1  B1    33     51     13509.1317791479 A2  33  1  0  1  A1  13  1  A2    33     52     13509.1317803958 B1  33  1  0  1  A1  12  1  B1
 34     59     14055.2740947753 A1  34  0  0  0  A1  28  0  A1    34     49     14081.6413584939 B1  34  0  0  2  A1  8  1  B1    34     60     14096.8620649434 A1  34  1  1  0  A1  2  0  A1    34     59     14096.8620649456 B2  34  1  1  0  A1  1  0  B2
 35     59     14641.1445654555 B2  35  0  0  0  A1  29  0  B2    35     62     14646.9827578260 A2  35  0  0  2  A1  9  1  A2    35     60     14673.6608054612 B2  35  0  0  2  A1  7  0  B2    35     63     14676.8505084149 B1  35  0  0  3  A1  16  1  B1
