 36     71       15239.316709 B2  36  0  0  0  A1  29  0  B2    36     61       15239.316710 A2  36  0  0  0  A1  29  1  A2    36     72       15239.452648 A1  36  0  0  0  A1  30  0  A1    36     61       15239.452700 B1  36  0  0  0  A1  30  1  B1
 37     70       15849.750380 A1  37  0  0  0  A1  30  0  A1    37     78       15849.750381 B1  37  0  0  0  A1  30  1  B1    37     78       15849.823190 A2  37  0  0  0  A1  29  1  A2    37     72       15849.823190 B2  37  0  0  0  A1  29  0  B2
 38     87       16471.845257 B2  38  0  0  0  A1  31  0  B2    38     75       16471.845257 A2  38  0  0  0  A1  31  1  A2    38     75       16471.883674 B1  38  0  0  0  A1  30  1  B1    38     89       16471.883674 A1  38  0  0  0  A1  30  0  A1
 39     85       17105.241559 A1  39  0  0  0  A1  32  0  A1    39     96       17105.241560 B1  39  0  0  0  A1  32  1  B1    39     96       17105.261575 A2  39  0  0  0  A1  31  1  A2    39     87       17105.261575 B2  39  0  0  0  A1  31  0  B2
 40    104       17749.571657 B2  40  0  0  0  A1  31  0  B2    40     97       17749.571658 A2  40  0  0  0  A1  31  1  A2    40     97       17749.581996 B1  40  0  0  0  A1  32  1  B1    40    106       17749.581996 A1  40  0  0  0  A1  32  0  A1
 41    101       18404.460886 A1  41  0  0  0  A1  32  0  A1    41    120       18404.460890 B1  41  0  0  0  A1  32  1  B1    41    120       18404.466366 A2  41  0  0  0  A1  33  1  A2    41    103       18404.466366 B2  41  0  0  0  A1  33  0  B2
 42    129       19069.529234 B2  42  0  0  0  A1  33  0  B2    42    118       19069.529236 A2  42  0  0  0  A1  33  1  A2    42    117       19069.531599 B1  42  0  0  0  A1  34  1  B1    42    130       19069.531599 A1  42  0  0  0  A1  34  0  A1
 43    146       19744.388395 B1  43  0  0  0  A1  34  1  B1    43    126       19744.388404 A1  43  0  0  0  A1  34  0  A1    43    145       19744.389583 A2  43  0  0  0  A1  33  1  A2    43    127       19744.389583 B2  43  0  0  0  A1  33  0  B2
 44    145       20428.646313 A2  44  0  0  0  A1  35  1  A2    44    156       20428.646313 B2  44  0  0  0  A1  35  0  B2    44    144       20428.646860 B1  44  0  0  0  A1  34  1  B1    44    157       20428.646860 A1  44  0  0  0  A1  34  0  A1
 45    174       21121.904186 B1  45  0  0  0  A1  34  1  B1    45    153       21121.904187 A1  45  0  0  0  A1  34  0  A1    45    173       21121.904400 A2  45  0  0  0  A1  35  1  A2    45    154       21121.904400 B2  45  0  0  0  A1  35  0  B2
 46    170       21823.757400 A2  46  0  0  0  A1  35  1  A2    46    192       21823.757400 B2  46  0  0  0  A1  35  0  B2    46    169       21823.757422 B1  46  0  0  0  A1  36  1  B1    46    193       21823.757422 A1  46  0  0  0  A1  36  0  A1
 47    208       22533.795195 A2  47  0  0  0  A1  37  1  A2    47    189       22533.795195 B2  47  0  0  0  A1  37  0  B2    47    210       22533.795360 B1  47  0  0  0  A1  36  1  B1    47    188       22533.795361 A1  47  0  0  0  A1  36  0  A1
 48    228       23251.601354 B2  48  0  0  0  A1  37  0  B2    48    205       23251.601354 A2  48  0  0  0  A1  37  1  A2    48    230       23251.603789 A1  48  0  0  0  A1  36  0  A1    48    205       23251.603945 B1  48  0  0  0  A1  36  1  B1
 49    224       23976.752358 A1  49  0  0  0  A1  38  0  A1    49    249       23976.752363 B1  49  0  0  0  A1  38  1  B1    49    225       23976.752528 B2  49  0  0  0  A1  37  0  B2    49    248       23976.752540 A2  49  0  0  0  A1  37  1  A2
 50    277       24708.818796 B2  50  0  0  0  A1  39  0  B2    50    242       24708.818796 A2  50  0  0  0  A1  39  1  A2    50    242       24708.818900 B1  50  0  0  0  A1  38  1  B1    50    280       24708.818900 A1  50  0  0  0  A1  38  0  A1
 51    267       25447.364248 A1  51  0  0  0  A1  38  0  A1    51    299       25447.364248 B1  51  0  0  0  A1  38  1  B1    51    270       25447.364330 B2  51  0  0  0  A1  39  0  B2    51    299       25447.364330 A2  51  0  0  0  A1  39  1  A2
 52    324       26191.945055 B2  52  0  0  0  A1  39  0  B2    52    291       26191.945055 A2  52  0  0  0  A1  39  1  A2    52    327       26191.945163 A1  52  0  0  0  A1  40  0  A1    52    291       26191.945163 B1  52  0  0  0  A1  40  1  B1
 53    316       26942.107341 A1  53  0  0  0  A1  40  0  A1    53    354       26942.108071 B1  53  0  0  0  A1  40  1  B1    53    318       26942.110081 B2  53  0  0  0  A1  41  0  B2    53    353       26942.110081 A2  53  0  0  0  A1  41  1  A2
 54    385       27697.399820 B2  54  0  0  3  A1  41  0  B2    54    345       27697.399820 A2  54  0  0  3  A1  41  1  A2    54    387       27697.400168 A1  54  0  0  4  B2  41  0  B2    54    344       27697.400168 B1  54  0  0  4  B2  41  1  A2
 55    371       28457.345655 A1  55  0  0  4  B2  41  0  B2    55    413       28457.345655 B1  55  0  0  4  B2  41  1  A2    55    412       28457.345664 A2  55  0  0  4  B2  42  1  B1    55    373       28457.345664 B2  55  0  0  4  B2  42  0  A1
 56    447       29221.469944 B2  56  0  0  4  B2  42  0  A1    56    399       29221.469944 A2  56  0  0  4  B2  42  1  B1    56    399       29221.469946 B1  56  0  0  3  A1  42  1  B1    56    450       29221.469946 A1  56  0  0  3  A1  42  0  A1
 57    432       29989.284287 A1  57  0  0  12  B2  43  0  B2    57    487       29989.284287 B1  57  0  0  12  B2  43  1  A2    57    434       29989.284287 B2  57  0  0  11  A1  43  0  B2    57    486       29989.284287 A2  57  0  0  11  A1  43  1  A2
 58    520       30760.288805 B2  58  0  0  12  B2  44  0  A1    58    468       30760.288805 B1  58  0  0  12  B2  43  1  A2    58    523       30760.288805 A1  58  0  0  12  B2  43  0  B2    58    469       30760.288813 A2  58  0  0  12  B2  44  1  B1
 59    503       31533.970945 A1  59  0  0  11  A1  44  0  A1    59    565       31533.970945 B1  59  0  0  11  A1  44  1  B1    59    563       31533.970945 A2  59  0  0  12  B2  44  1  B1    59    505       31533.970945 B2  59  0  0  12  B2  44  0  A1
 60    542       32309.804184 B1  60  0  0  12  B2  45  1  A2    60    600       32309.804184 A1  60  0  0  12  B2  45  0  B2    60    544       32309.804184 A2  60  0  0  12  B2  44  1  B1    60    599       32309.804184 B2  60  0  0  12  B2  44  0  A1
  0      0        3291.160214 A1  0  0  0  0  A1  0  0  A1     0      1        4473.729804 A1  0  0  0  1  A1  0  0  A1     0      2        5645.067523 A1  0  0  0  2  A1  0  0  A1     0      3        5905.555081 A1  0  0  0  3  A1  0  0  A1
  1      0        3310.535776 B2  1  0  0  0  A1  1  0  B2     1      1        4487.621961 B1  1  0  0  1  A1  0  1  B1     1      1        4489.119744 A2  1  0  0  1  A1  1  1  A2     1      1        4493.673912 B2  1  0  0  1  A1  1  0  B2
  2      1        3349.528830 A1  2  0  0  0  A1  2  0  A1     2      2        4512.024231 A1  2  0  0  1  A1  0  0  A1     2      1        4512.351025 B2  2  0  0  1  A1  1  0  B2     2      1        4525.996894 A2  2  0  0  1  A1  1  1  A2
  3      1        3408.551610 B2  3  0  0  0  A1  3  0  B2     3      2        4545.421406 B1  3  0  0  1  A1  0  1  B1     3      2        4545.470898 A2  3  0  0  1  A1  1  1  A2     3      2        4570.603122 B2  3  0  0  1  A1  1  0  B2
  4      2        3487.960906 A1  4  0  0  0  A1  4  0  A1     4      3        4588.021347 A1  4  0  0  1  A1  0  0  A1     4      2        4588.028177 B2  4  0  0  1  A1  1  0  B2     4      2        4624.283882 A2  4  0  0  1  A1  1  1  A2
  5      2        3587.834742 B2  5  0  0  0  A1  5  0  B2     5      3        4639.920252 B1  5  0  0  1  A1  0  1  B1     5      3        4639.921198 A2  5  0  0  1  A1  1  1  A2     5      3        4686.785477 B2  5  0  0  1  A1  3  0  B2
  6      3        3708.000599 A1  6  0  0  0  A1  6  0  A1     6      4        4701.128427 A1  6  0  0  1  A1  0  0  A1     6      3        4701.128564 B2  6  0  0  1  A1  1  0  B2     6      3        4758.448465 A2  6  0  0  1  A1  3  1  A2
  7      3        3848.179754 B2  7  0  0  0  A1  7  0  B2     7      4        4771.640157 B1  7  0  0  1  A1  2  1  B1     7      4        4771.640178 A2  7  0  0  1  A1  1  1  A2     7      4        4839.369209 B2  7  0  0  1  A1  3  0  B2
  8      4        4008.063582 A1  8  0  0  0  A1  8  0  A1     8      5        4851.446136 A1  8  0  0  1  A1  2  0  A1     8      4        4851.446139 B2  8  0  0  1  A1  1  0  B2     8      4        4929.559816 A2  8  0  0  1  A1  3  1  A2
  9      4        4187.329984 B2  9  0  0  0  A1  9  0  B2     9      5        4940.535282 B1  9  0  0  1  A1  2  1  B1     9      5        4940.535282 A2  9  0  0  1  A1  1  1  A2     9      5        5029.014126 B2  9  0  0  1  A1  3  0  B2
 10      5        4385.643341 A1  10  0  0  0  A1  10  0  A1    10      6        5038.895024 A1  10  0  0  1  A1  2  0  A1    10      5        5038.895024 B2  10  0  0  1  A1  1  0  B2    10      5        5137.721201 A2  10  0  0  1  A1  3  1  A2
 11      5        4602.654126 B2  11  0  0  0  A1  11  0  B2    11      6        5146.511363 B1  11  0  0  1  A1  2  1  B1    11      6        5146.511363 A2  11  0  0  1  A1  1  1  A2    11      6        5255.667887 B2  11  0  0  1  A1  3  0  B2
 12      6        4838.000548 A1  12  0  0  0  A1  12  0  A1    12      7        5263.368897 A1  12  0  0  1  A1  2  0  A1    12      6        5263.368897 B2  12  0  0  1  A1  1  0  B2    12      6        5382.839376 A2  12  0  0  1  A1  3  1  A2
 13      6        5091.311620 B2  13  0  0  0  A1  13  0  B2    13      7        5389.450840 B1  13  0  0  1  A1  2  1  B1    13      7        5389.450840 A2  13  0  0  1  A1  1  1  A2    13      7        5519.219374 B2  13  0  0  1  A1  3  0  B2
 14      7        5362.210906 A1  14  0  0  0  A1  14  0  A1    14      8        5524.739030 A1  14  0  0  1  A1  2  0  A1    14      7        5524.739030 B2  14  0  0  1  A1  1  0  B2    14      7        5664.790184 A2  14  0  0  1  A1  3  1  A2
 15      7        5650.320587 B2  15  0  0  0  A1  15  0  B2    15      8        5669.213950 B1  15  0  0  1  A1  2  1  B1    15      8        5669.213950 A2  15  0  0  1  A1  1  1  A2    15      8        5819.532749 B2  15  0  0  1  A1  3  0  B2
 16      9        5955.265723 A1  16  0  0  0  A1  16  0  A1    16      8        5983.426696 A2  16  0  0  1  A1  3  1  A2    16      8        5983.426696 B1  16  0  0  1  A1  4  1  B1    16     10        6131.152141 A1  16  0  0  1  A1  6  0  A1
 17      9        6276.678800 B2  17  0  0  0  A1  17  0  B2    17     10        6314.068772 B1  17  0  0  1  A1  6  1  B1    17     10        6314.068772 A2  17  0  0  1  A1  7  1  A2    17     10        6459.216183 B2  17  0  0  1  A1  7  0  B2
 18     11        6614.204784 A1  18  0  0  0  A1  18  0  A1    18     10        6660.761855 A2  18  0  0  1  A1  7  1  A2    18     10        6660.761856 B1  18  0  0  1  A1  8  1  B1    18     12        6803.343289 A1  18  0  0  1  A1  10  0  A1
 19     11        6967.507073 B2  19  0  0  0  A1  19  0  B2    19     12        7023.128315 B1  19  0  0  1  A1  10  1  B1    19     12        7023.128317 A2  19  0  0  1  A1  9  1  A2    19     12        7163.150631 B2  19  0  0  1  A1  11  0  B2
 20     13        7336.274885 A1  20  0  0  0  A1  20  0  A1    20     12        7400.790421 A2  20  0  0  1  A1  11  1  A2    20     12        7400.790433 B1  20  0  0  1  A1  10  1  B1    20     14        7538.253150 A1  20  0  0  1  A1  12  0  A1
 21     13        7720.232799 B2  21  0  0  0  A1  21  0  B2    21     14        7793.369340 B1  21  0  0  1  A1  12  1  B1    21     14        7793.369402 A2  21  0  0  1  A1  13  1  A2    21     15        7879.570794 B1  21  0  0  2  A1  2  1  B1
 22     16        8119.153188 A1  22  0  0  0  A1  22  0  A1    22     14        8200.483898 A2  22  0  0  1  A1  13  1  A2    22     14        8200.484181 B1  22  0  0  1  A1  14  1  B1    22     15        8324.398358 B1  22  0  0  2  A1  4  1  B1
 23     15        8532.871785 B2  23  0  0  0  A1  23  0  B2    23     15        8550.516574 A1  23  0  0  2  A1  4  0  A1    23     16        8550.516574 B2  23  0  0  2  A1  5  0  B2    23     17        8569.082422 B1  23  0  0  3  A1  2  1  B1
 24     20        8961.304707 A1  24  0  0  0  A1  24  0  A1    24     17        9015.323448 B1  24  0  0  3  A1  4  1  B1    24     17        9015.323448 A2  24  0  0  3  A1  5  1  A2    24     21        9026.350360 A1  24  0  0  2  A1  8  0  A1
 25     20        9404.460479 B2  25  0  0  0  A1  25  0  B2    25     22        9474.413348 B1  25  0  0  3  A1  8  1  B1    25     22        9474.413348 A2  25  0  0  3  A1  7  1  A2    25     23        9497.200482 B1  25  0  0  4  B2  7  1  A2
 26     25        9862.432722 A1  26  0  0  0  A1  26  0  A1    26     22        9946.140833 A2  26  0  0  3  A1  9  1  A2    26     22        9946.140833 B1  26  0  0  3  A1  10  1  B1    26     23        9966.478917 A2  26  0  0  1  A1  19  1  A2
 27     25       10335.354889 B2  27  0  0  0  A1  25  0  B2    27     27       10376.893195 B1  27  0  0  5  A1  2  1  B1    27     27       10376.893195 A2  27  0  0  5  A1  1  1  A2    27     28       10430.282468 B1  27  0  0  3  A1  12  1  B1
 28     31       10823.314636 A1  28  0  0  0  A1  26  0  A1    28     26       10827.266270 A2  28  0  0  2  A1  13  1  A2    28     26       10827.266270 B1  28  0  0  2  A1  14  1  B1    28     31       10909.307387 B2  28  0  0  6  A1  1  0  B2
 29     31       11326.266243 B2  29  0  0  0  A1  25  0  B2    29     34       11363.561804 B1  29  0  0  2  A1  14  1  B1    29     34       11363.561809 A2  29  0  0  2  A1  15  1  A2    29     35       11423.357513 B1  29  0  0  1  A1  14  1  B1
 30     38       11843.998792 A1  30  0  0  0  A1  26  0  A1    30     39       11850.764192 A1  30  0  0  5  A1  8  0  A1    30     38       11850.764192 B2  30  0  0  5  A1  9  0  B2    30     34       11909.444281 A2  30  0  0  2  A1  17  1  A2
 31     38       12376.173361 B2  31  0  0  0  A1  27  0  B2    31     42       12448.826082 B1  31  0  0  1  A1  16  1  B1    31     42       12453.905521 A2  31  0  0  1  A1  13  1  A2    31     39       12459.111862 B2  31  0  0  5  A1  11  0  B2
 32     47       12922.387339 A1  32  0  0  0  A1  28  0  A1    32     41       12937.928751 A2  32  0  0  7  B2  10  1  B1    32     41       12937.928751 B1  32  0  0  7  B2  11  1  A2    32     42       12974.772156 A2  32  0  0  2  A1  1  1  A2
 33     46       13482.223672 B2  33  0  0  0  A1  27  0  B2    33     51       13507.804914 B1  33  0  0  2  A1  2  1  B1    33     51       13509.131836 A2  33  0  0  6  A1  13  1  A2    33     52       13509.131837 B1  33  0  0  6  A1  12  1  B1
 34     59       14055.274102 A1  34  0  0  0  A1  28  0  A1    34     49       14081.641371 B1  34  0  0  2  A1  8  1  B1    34     60       14096.862176 A1  34  0  0  13  A1  2  0  A1    34     59       14096.862176 B2  34  0  0  13  A1  1  0  B2
 35     59       14641.144573 B2  35  0  0  0  A1  29  0  B2    35     62       14646.982771 A2  35  0  0  2  A1  9  1  A2    35     60       14673.660819 B2  35  0  0  2  A1  7  0  B2    35     63       14676.850569 B1  35  0  0  5  A1  16  1  B1
